66 60 48 59 95 49 73 47 81 40 98 44 58 44 73 
78 87 40 75 57 85 57 96 58 86 94 64 96 61 40 98 75 
68 87 100 48 58 73 54 63 47 77 64 89 46 100 66 66 58 79 52 
73 49 82 91 100 49 46 61 95 63 92 45 75 45 68 51 73 51 95 86 69 
94 52 64 68 53 80 65 61 98 47 90 79 71 86 65 73 
60 58 41 69 70 46 61 79 
83 91 89 45 76 60 
57 100 47 44 80 43 48 51 88 97 81 67 98 67 88 52 69 77 52 
54 63 94 58 73 97 92 67 91 64 51 48 86 62 41 77 97 57 59 54 75 89 100 61 
90 43 60 46 49 76 69 47 52 61 63 98 48 97 90 65 82 48 99 68 47 58 81 
61 89 61 71 88 43 87 
40 48 59 93 73 63 65 83 82 78 67 
67 67 70 85 79 40 74 
84 100 76 74 85 95 67 89 41 90 68 43 47 99 55 63 86 71 91 45 47 
53 87 65 59 87 92 49 66 84 50 70 51 64 61 90 85 81 43 44 63 
86 73 58 65 43 76 66 98 59 70 65 68 86 70 94 57 48 45 67 47 85 99 79 51 
99 66 82 71 62 79 86 70 51 76 81 60 96 65 86 49 63 57 
57 69 50 40 62 43 72 57 40 73 92 68 
41 71 96 65 96 80 67 68 84 52 93 57 
47 65 66 63 42 41 69 100 85 75 56 91 89 77 64 60 63 47 69 53 48 52 83 98 78 83 43 47 99 60 
81 76 95 91 84 51 90 78 55 72 
44 82 81 71 51 81 97 90 47 84 73 68 69 84 56 97 
47 95 50 92 72 87 85 45 90 84 69 55 79 48 77 80 45 63 
65 69 63 49 94 55 70 50 90 63 75 86 40 57 72 97 47 56 50 83 88 79 58 47 46 65 86 
67 69 66 96 95 67 77 71 78 72 84 54 67 95 52 72 50 100 90 99 
86 65 100 75 46 78 47 73 83 93 84 91 66 86 87 94 45 76 64 90 42 65 47 95 96 74 90 49 84 70 
52 76 83 44 85 66 42 99 95 56 71 
93 81 73 50 99 57 93 76 92 43 87 58 54 43 83 89 79 65 56 40 84 89 40 49 71 63 78 
91 70 65 64 41 84 51 77 63 69 72 78 60 65 
89 73 81 73 71 54 54 84 99 60 57 72 68 
77 40 58 94 66 63 40 40 61 69 56 67 70 68 62 61 70 96 50 84 
59 94 55 56 64 43 40 45 82 82 68 80 80 87 55 99 92 76 74 68 56 95 82 58 48 81 79 89 
72 59 83 96 86 47 82 96 91 58 57 66 88 79 50 73 52 66 92 85 77 56 47 55 45 
93 98 55 95 96 51 48 65 40 84 98 83 98 94 
97 49 93 69 44 95 80 58 42 51 48 99 97 79 48 60 
50 72 76 92 90 61 97 77 65 62 91 52 51 67 44 95 74 85 69 73 91 86 
97 66 72 90 42 48 98 58 44 94 97 44 67 91 45 80 64 77 88 48 96 88 94 64 70 94 80 
80 41 96 93 46 43 89 57 51 41 40 85 77 44 100 54 42 95 42 78 44 67 58 
72 61 84 61 54 99 61 53 71 65 59 84 96 96 
51 62 85 81 99 67 61 47 99 72 61 92 86 57 76 49 
66 71 86 65 83 72 91 62 61 94 96 80 66 84 59 67 84 
79 86 86 61 78 60 53 100 81 83 61 
84 77 61 62 97 75 51 99 73 54 64 99 61 47 74 82 64 61 52 
87 86 79 68 55 83 56 92 
55 41 86 69 50 49 
95 85 98 70 57 85 71 67 80 76 85 57 84 41 90 95 82 
69 100 64 44 62 58 45 57 84 86 79 68 41 69 65 59 92 59 40 91 85 52 56 44 68 85 42 
91 95 45 53 62 70 67 64 98 56 99 63 83 87 48 48 80 48 70 90 55 70 96 57 46 84 85 52 92 49 
55 68 49 46 55 66 76 84 50 51 81 
64 83 56 96 62 88 100 62 69 51 96 94 87 41 
90 74 71 50 81 54 
61 48 42 85 92 98 100 95 70 91 87 
87 51 83 99 82 60 89 49 77 59 83 47 81 65 100 62 
59 76 93 49 86 83 67 72 78 66 70 84 52 59 78 94 90 73 75 79 54 45 99 66 73 90 
54 78 61 78 58 82 80 43 87 47 73 
89 78 98 97 83 81 53 68 76 51 
95 63 83 48 58 44 71 56 86 76 85 90 94 79 43 83 57 63 73 93 70 49 56 94 84 97 72 61 68 59 
98 82 75 72 94 97 
91 49 87 99 64 87 62 57 66 51 86 90 
80 42 70 80 88 72 45 81 82 44 68 55 89 86 91 52 91 59 73 69 58 99 87 85 75 
71 89 44 73 83 57 61 58 94 97 64 60 89 72 58 55 78 83 46 
98 42 97 71 41 81 90 52 91 73 56 95 45 66 43 70 61 66 75 83 76 42 75 100 
89 42 66 52 88 88 
48 59 41 57 92 52 52 
87 67 76 42 66 56 87 91 54 75 97 63 54 92 70 63 47 68 53 89 85 53 98 76 87 85 
93 74 61 50 81 93 55 62 76 49 87 71 70 70 40 84 75 71 49 77 85 79 
96 61 92 72 71 73 92 
53 82 53 100 95 40 59 47 99 76 76 85 57 51 80 87 91 83 46 47 61 94 
97 97 65 67 86 93 67 63 
77 94 65 55 63 60 54 45 53 96 62 55 66 44 69 70 61 84 98 64 47 78 74 89 80 
97 62 71 97 97 92 96 87 43 74 84 49 71 54 62 
100 90 59 64 44 44 75 83 90 61 69 73 41 55 83 62 
71 66 74 73 82 75 41 95 41 87 89 89 54 74 45 80 88 84 79 63 41 77 43 46 91 66 93 
65 50 97 49 54 64 60 84 40 98 81 50 66 92 48 71 84 56 89 42 90 64 69 62 41 58 86 
78 78 92 77 77 85 82 78 99 55 66 84 92 96 60 76 62 71 57 59 97 50 96 44 72 44 68 
75 99 57 46 79 45 82 76 71 77 51 69 
93 44 92 82 92 82 76 99 68 65 45 40 68 59 
57 93 66 98 45 65 69 94 62 
95 99 60 41 82 41 79 54 85 52 47 99 61 52 44 86 78 78 86 96 66 62 
48 81 91 56 67 51 61 93 
51 50 93 77 98 95 77 44 66 65 41 
56 84 82 95 63 48 54 84 93 97 79 66 89 61 93 46 40 53 47 45 79 51 43 76 81 51 78 93 57 
91 61 49 56 98 62 67 99 51 51 94 42 84 61 55 87 66 43 66 46 87 45 87 75 95 80 68 84 66 59 
77 81 84 74 50 66 92 61 44 47 42 41 79 76 49 77 85 80 95 62 70 61 68 74 80 50 73 73 66 62 
72 71 87 100 47 44 96 50 55 66 
89 48 87 82 55 87 98 95 88 98 66 87 52 59 91 65 68 97 99 90 87 83 46 58 63 
98 79 86 58 77 74 59 46 89 82 95 77 
97 57 91 48 64 78 96 46 86 56 60 41 50 45 75 71 
69 47 43 84 79 69 40 60 87 94 92 62 52 68 82 46 60 85 48 75 64 66 67 
59 68 99 69 46 47 77 92 46 44 58 64 77 96 47 50 87 81 56 90 75 63 41 
47 50 81 53 95 68 77 54 59 46 74 98 78 92 80 48 100 51 99 53 44 85 99 98 
40 56 87 78 46 60 60 40 43 
58 65 76 94 69 69 93 82 87 100 44 53 
72 79 90 98 79 54 52 95 60 52 78 94 61 79 41 81 58 
45 56 84 85 98 48 94 56 99 93 
43 54 85 83 86 56 97 58 85 51 86 81 77 51 84 87 
94 91 57 68 72 69 78 72 84 73 69 76 42 56 99 41 44 70 80 44 61 76 48 81 54 86 
57 88 43 96 50 66 61 53 41 
57 83 83 88 86 77 68 100 40 91 79 67 50 87 58 57 
95 70 67 70 94 71 51 67 48 47 
42 97 40 50 55 53 56 63 49 74 80 83 96 95 70 75 67 48 90 50 44 96 82 96 56 
70 84 80 93 57 80 96 60 74 68 55 46 40 77 50 88 41 94 91 48 
58 48 82 75 62 52 100 67 70 99 65 58 74 76 95 90 76 84 76 42 87 63 48 74 55 
99 63 50 86 88 62 43 82 89 50 82 83 62 93 86 60 48 
80 55 88 78 71 81 92 81 99 40 46 85 
76 72 86 54 54 82 98 51 60 58 61 61 48 53 73 81 49 96 95 91 
78 98 81 57 78 81 91 62 59 93 60 49 58 68 65 42 46 78 53 41 41 45 92 86 84 74 78 72 55 
44 74 81 91 73 89 45 76 87 65 52 81 43 66 89 66 79 85 79 81 76 68 41 70 80 51 82 
94 100 82 64 83 54 83 70 61 83 91 59 79 69 82 94 67 57 42 80 52 87 96 75 70 64 
88 81 64 48 95 63 43 73 82 93 87 51 49 92 72 46 97 52 89 63 97 98 93 72 77 47 67 53 64 97 
46 89 73 40 44 85 51 58 56 88 85 56 83 79 71 42 70 63 
96 53 69 88 69 76 95 82 45 41 91 82 41 43 81 85 49 53 71 54 41 41 70 54 52 88 99 69 
54 52 93 53 82 52 82 83 92 100 52 73 61 62 46 73 83 47 71 86 57 
80 70 48 82 63 52 50 60 100 57 94 87 54 100 40 49 55 66 42 97 78 81 40 70 59 100 55 85 84 
88 73 59 69 97 96 40 77 49 94 49 41 83 90 
93 62 75 97 40 99 61 59 46 88 65 
66 42 40 61 63 83 57 49 83 83 54 70 76 92 71 65 89 57 64 64 92 69 45 99 
46 68 45 41 71 90 44 55 80 64 92 68 72 57 69 
49 49 66 41 65 94 86 88 41 96 41 61 54 81 
99 79 99 85 66 95 98 44 52 85 42 71 63 
51 54 64 84 82 71 99 78 83 90 59 79 98 97 45 58 75 63 82 
83 76 49 59 87 64 57 94 56 65 51 88 57 59 71 88 71 68 96 57 64 50 100 
43 47 43 43 65 57 66 90 66 99 53 76 76 48 63 82 62 60 88 51 
80 67 58 52 96 70 68 63 98 55 64 50 
58 75 97 49 84 93 82 92 76 70 78 95 96 72 84 58 89 46 98 58 42 76 70 
45 76 77 73 44 84 47 94 68 92 53 94 40 50 41 85 77 51 46 45 96 77 45 59 50 56 76 
91 67 90 62 94 70 58 75 90 63 84 82 77 92 51 46 42 79 86 40 48 70 56 91 
94 75 72 51 50 79 82 49 70 88 58 93 54 78 44 98 46 51 45 74 51 89 60 64 97 79 
62 58 40 75 47 96 85 60 
81 100 75 81 94 90 51 43 43 
85 58 72 75 42 68 58 87 99 82 98 84 51 44 66 48 65 54 41 44 71 98 56 58 83 70 41 
75 95 86 70 74 41 64 51 72 42 74 62 62 67 56 51 91 43 86 75 48 88 45 85 96 
91 46 76 94 88 97 
40 77 56 66 97 75 83 92 95 78 56 74 56 53 72 81 76 100 56 83 89 75 45 40 53 54 
65 57 94 63 70 69 63 69 48 97 61 40 89 88 83 55 68 84 98 66 49 49 72 68 100 
75 91 67 68 61 67 79 58 72 82 81 65 100 60 68 77 53 65 77 74 62 47 60 83 
60 93 52 95 59 72 62 89 60 
57 94 47 91 82 60 87 96 57 64 58 
74 57 99 84 50 99 57 95 64 43 66 51 60 69 78 77 48 
68 71 98 84 52 53 62 62 69 82 84 42 77 54 73 60 
64 86 82 68 82 74 80 58 51 55 83 86 67 86 62 78 57 66 40 62 46 75 86 84 89 76 59 
42 49 95 96 53 58 67 
44 87 73 60 61 62 69 96 80 50 40 63 46 40 81 63 83 41 54 47 59 76 
87 89 88 64 71 47 72 
84 69 83 49 69 91 42 54 75 92 45 65 
54 70 89 68 53 42 48 76 48 46 64 79 92 90 68 96 83 67 82 48 
61 88 89 55 70 44 50 67 71 63 94 91 73 77 79 71 81 
89 62 94 61 71 64 
90 64 96 98 100 63 60 71 98 78 43 72 70 90 84 66 59 96 43 
94 85 60 48 71 52 43 58 70 90 94 100 87 46 99 64 78 88 84 48 57 43 68 69 70 81 96 42 68 
49 89 46 86 74 100 68 79 61 59 91 78 81 89 44 47 71 94 50 85 47 88 45 62 92 71 40 44 89 89 
72 53 63 75 46 75 64 65 
89 44 86 62 45 92 62 72 69 79 51 58 65 97 48 98 45 90 74 55 48 68 57 52 91 
65 70 56 80 71 78 63 62 66 79 49 
48 57 83 60 78 77 57 88 70 81 98 53 87 100 70 82 80 87 70 75 45 62 
71 72 79 100 49 77 53 54 82 52 
63 42 67 75 63 70 94 44 71 86 75 86 52 63 94 43 95 70 84 87 50 
74 48 85 89 77 49 59 41 81 57 70 
97 47 64 47 47 44 89 70 75 97 84 51 94 
43 90 89 79 100 95 40 42 68 85 49 80 73 70 56 80 85 82 43 
59 91 92 49 53 78 43 54 88 57 94 69 49 61 93 82 
63 89 44 46 92 40 62 60 82 72 53 85 70 88 55 60 98 80 61 69 66 41 64 48 
64 70 59 92 63 76 58 65 43 65 70 89 62 76 53 52 43 60 75 82 74 
42 66 42 84 50 90 98 55 46 75 60 95 50 89 76 93 74 69 76 53 95 74 81 57 46 
87 47 64 51 56 94 41 84 67 74 78 
85 82 91 40 50 90 49 60 97 99 44 85 56 76 88 100 67 74 92 59 45 86 42 57 85 83 56 67 65 
90 46 50 51 56 92 41 98 92 88 46 51 57 91 100 57 75 94 99 56 86 49 54 87 
74 94 48 68 63 56 87 66 63 66 55 71 96 93 42 87 75 67 
68 65 64 92 74 87 97 94 67 
72 93 66 49 89 59 51 48 94 
77 76 85 71 66 74 76 53 62 66 
60 49 44 80 72 96 54 90 69 94 64 77 45 77 48 89 67 66 53 70 51 68 79 54 71 65 
50 53 80 47 82 74 92 99 69 77 78 51 56 46 76 52 82 56 81 93 98 
57 91 69 95 86 49 71 48 48 68 92 62 83 80 49 63 70 97 71 75 69 69 61 
41 62 95 95 100 46 75 44 79 40 67 79 86 41 68 44 
96 57 73 86 85 77 52 100 40 85 78 64 60 79 84 59 44 79 61 94 54 73 66 85 66 67 97 
50 59 78 58 65 85 94 75 79 61 67 71 77 74 44 82 67 51 65 94 63 78 59 54 51 76 98 
87 85 96 77 45 56 78 80 43 53 62 59 86 74 84 96 63 78 99 43 88 77 87 74 61 76 92 
65 72 69 63 67 67 
82 46 66 71 89 81 82 54 46 54 74 58 47 53 64 83 57 99 67 97 87 56 53 70 72 
92 57 50 45 88 58 82 49 57 42 79 49 61 68 
52 59 41 52 54 80 100 70 59 53 84 94 53 84 97 78 81 71 98 41 66 65 80 79 63 
77 53 74 82 80 77 62 99 93 79 97 61 
85 70 79 46 91 97 45 98 65 80 64 72 49 86 
83 85 59 50 64 41 97 85 55 73 44 74 41 76 53 82 59 67 52 59 
93 40 69 85 60 54 76 82 69 100 42 62 96 80 72 55 73 40 69 53 
80 98 43 84 80 83 59 57 97 84 44 76 54 61 71 57 86 41 85 73 48 55 
89 44 68 48 100 81 86 98 72 
85 43 70 72 78 40 77 93 83 94 40 65 54 72 71 100 46 73 94 60 75 45 73 96 
82 40 52 82 77 100 83 68 99 98 49 97 
73 58 55 52 42 63 77 68 67 68 78 81 90 
47 85 91 75 95 96 47 57 44 85 76 90 80 64 83 46 71 62 73 74 81 55 
55 86 46 97 80 68 61 81 54 40 57 85 78 44 56 76 94 56 61 
90 74 40 90 74 100 49 75 89 52 79 
41 82 67 98 53 100 56 81 74 70 77 41 56 67 90 58 93 83 48 91 
58 59 77 75 72 44 99 
95 99 61 67 99 43 64 50 43 86 94 63 59 
43 94 76 89 43 60 47 66 45 44 89 40 60 77 72 48 68 50 47 67 58 62 81 93 73 79 63 
99 100 74 88 58 97 78 51 85 90 89 96 80 82 63 81 100 83 41 47 71 76 44 87 67 96 
54 58 42 100 76 49 83 65 57 62 82 84 85 53 65 95 68 67 50 
52 97 52 46 64 59 92 43 60 62 68 60 74 64 79 98 
85 84 74 93 82 68 56 98 86 59 79 74 94 96 54 53 66 45 64 99 50 58 92 80 73 
99 93 61 77 40 59 47 72 62 77 73 91 90 81 54 74 84 75 56 77 71 75 
77 61 83 93 71 82 88 53 66 57 51 50 64 70 51 97 85 91 71 98 
51 63 43 59 73 53 85 41 60 92 95 84 50 63 40 73 65 68 79 54 62 42 
69 55 65 57 84 67 
40 59 43 60 85 44 75 65 48 68 91 80 
94 67 40 72 100 52 90 52 65 71 49 80 83 97 44 71 
66 91 84 62 93 63 
63 82 56 85 71 49 44 
81 91 69 65 76 68 92 48 73 88 94 
89 47 54 67 56 54 96 70 61 59 
43 89 64 93 87 65 42 96 72 57 44 86 42 91 67 96 47 44 64 83 99 84 92 
46 76 55 87 55 76 94 55 71 62 56 100 91 
88 58 87 74 49 90 48 79 86 72 53 91 58 49 42 78 43 97 
43 89 93 93 76 47 83 
82 60 63 93 82 53 76 82 
95 42 63 64 88 41 100 65 63 40 45 63 57 91 53 51 74 77 74 59 
46 82 56 51 59 62 49 82 50 85 70 81 63 64 45 46 54 84 57 58 46 73 59 70 
72 72 85 98 69 45 70 50 83 56 82 73 95 45 73 48 48 64 71 100 
63 66 64 44 64 84 52 99 56 42 96 90 74 57 41 50 98 89 64 46 49 47 74 42 65 58 44 96 
52 69 85 59 95 53 69 66 40 61 64 76 72 76 56 82 64 88 59 
95 74 64 51 74 59 74 87 52 94 42 84 41 93 47 
95 69 62 80 66 72 55 88 66 69 79 
63 95 57 61 42 75 91 83 61 
93 78 96 56 46 57 64 99 68 99 45 53 42 81 45 85 47 60 94 92 94 68 
71 52 63 51 81 43 41 65 84 40 74 56 77 63 45 100 77 85 47 87 41 99 45 100 62 64 53 86 
78 88 55 62 66 44 73 74 53 61 86 86 68 81 51 65 79 46 42 42 59 85 91 
55 79 42 96 83 70 79 75 65 91 90 98 93 74 48 
45 64 89 42 46 69 81 53 91 49 93 79 55 58 40 79 62 
48 53 51 91 46 66 57 96 43 68 81 89 96 52 68 87 84 53 74 45 43 90 98 43 89 63 86 77 
79 96 75 42 78 75 89 51 86 99 53 73 72 70 52 
56 88 42 45 77 78 46 53 
70 88 46 79 82 60 63 51 85 40 84 41 100 
77 76 52 63 99 54 64 89 82 41 94 96 45 45 70 64 49 93 52 85 67 44 
85 69 74 52 94 47 96 94 80 89 49 92 73 40 91 62 69 76 77 95 94 43 87 78 50 65 71 79 89 69 
64 78 66 51 69 49 66 95 59 58 59 51 58 47 87 62 58 56 56 67 74 84 95 82 89 51 93 
77 94 76 83 45 71 89 85 65 65 42 74 73 
96 50 45 85 66 57 75 98 100 98 67 97 77 96 71 92 78 85 75 99 52 62 64 78 
49 54 49 83 74 98 59 71 99 66 54 43 63 56 79 62 85 81 95 80 
78 65 88 82 48 83 96 60 90 76 44 43 73 45 75 63 63 45 64 98 96 80 75 78 90 92 88 43 
83 66 58 73 71 88 52 62 80 61 78 78 83 52 55 79 93 61 44 76 56 73 54 
54 74 54 69 57 88 53 47 88 93 61 60 73 
75 99 86 93 73 46 98 53 85 95 46 59 72 53 67 98 47 81 79 67 86 
48 60 65 69 84 88 47 83 92 75 46 77 
95 68 61 82 84 64 61 69 75 49 100 75 56 60 76 90 79 64 44 
94 94 91 54 62 79 87 96 50 46 47 64 44 57 78 92 93 86 73 73 40 91 49 72 66 
64 70 83 53 84 82 68 46 82 
91 61 71 74 55 73 63 59 49 60 59 100 63 97 72 
74 47 73 61 77 80 41 42 81 78 67 55 71 49 69 44 89 77 49 87 75 
83 67 85 50 61 97 68 94 46 87 
43 66 81 44 97 61 100 81 97 71 65 76 70 58 83 90 86 76 86 77 85 79 82 84 
61 41 80 94 46 80 67 44 64 44 51 53 52 44 45 96 87 64 55 42 70 69 100 61 
78 67 82 97 89 59 47 51 49 78 42 50 90 92 64 92 41 97 43 89 88 68 84 98 66 60 49 61 51 60 
73 62 100 98 71 47 48 74 59 57 78 66 58 94 94 87 53 49 98 62 50 70 54 62 62 50 69 42 
52 67 87 81 57 61 60 54 51 92 89 61 97 57 45 44 84 80 74 76 48 54 72 81 44 43 44 77 51 75 
65 52 46 88 90 81 52 91 79 86 79 92 85 94 69 61 81 91 54 40 51 77 77 77 62 44 53 42 57 72 
67 64 91 80 82 57 58 63 74 96 68 67 56 55 41 46 67 62 59 90 58 81 42 81 48 54 64 69 81 90 
61 74 67 41 87 64 51 88 68 56 56 
92 77 94 69 98 64 94 43 97 61 74 63 67 56 85 89 86 88 70 75 63 100 97 
86 52 85 98 90 40 86 76 96 50 79 82 82 93 67 49 76 73 90 92 77 93 77 59 87 46 48 73 84 
61 65 67 94 85 40 64 84 87 96 76 88 61 99 97 82 72 77 77 70 100 60 73 59 73 
48 64 76 94 61 65 55 85 74 73 62 82 92 96 74 41 44 79 
79 92 100 45 63 80 41 82 98 81 71 81 54 63 64 58 53 75 
88 45 66 55 66 65 92 44 84 99 74 54 40 59 40 58 100 87 81 
44 65 86 91 59 40 90 48 42 46 88 91 55 70 68 83 85 45 64 66 72 69 64 70 90 47 87 
58 95 92 49 40 63 85 43 
40 97 92 77 42 84 75 94 58 96 82 42 50 53 45 61 45 49 98 79 57 90 57 
81 53 99 61 76 40 50 87 81 81 90 85 48 78 77 84 90 64 56 40 60 75 41 95 60 58 98 54 
70 69 66 97 72 86 83 45 81 53 91 97 75 63 97 73 70 62 93 60 
99 87 55 93 45 78 91 100 51 46 58 93 78 46 41 91 56 51 52 44 51 81 98 
84 63 79 52 69 88 64 79 93 76 49 77 88 77 74 97 40 
42 99 84 60 64 65 47 96 70 55 92 70 48 41 66 47 69 44 44 99 53 56 49 46 71 70 68 93 49 
44 82 42 80 50 51 84 63 62 75 85 95 67 86 95 41 64 100 64 97 
65 81 98 50 67 60 68 93 69 43 55 43 48 75 72 85 70 61 83 74 62 72 93 72 60 87 77 65 96 
87 81 94 47 88 81 62 79 99 63 75 41 75 64 64 67 74 65 79 81 
99 49 49 72 73 81 42 91 69 47 91 47 100 90 49 53 59 93 79 72 76 49 
99 54 97 96 93 88 97 62 47 66 49 50 71 92 97 55 70 70 
87 76 70 90 99 72 42 93 45 53 60 52 80 56 61 60 58 42 73 78 58 
57 96 93 61 49 91 87 55 88 84 49 55 44 100 77 82 91 78 54 60 51 62 72 79 52 
47 82 42 76 50 100 
57 86 65 50 83 66 88 45 54 58 77 92 
100 98 47 46 42 53 85 97 96 67 57 92 50 69 57 40 59 73 97 50 93 93 
65 42 91 41 48 42 99 52 52 78 77 48 92 88 59 88 67 52 64 55 43 96 77 52 51 85 54 65 61 55 
92 47 44 70 76 59 85 51 91 46 60 75 91 45 66 46 73 69 84 87 70 48 98 64 93 
66 60 56 73 86 55 53 45 78 88 86 87 93 72 56 57 74 60 61 
88 64 100 51 80 56 62 69 79 81 57 64 45 68 65 42 75 90 91 74 90 89 97 78 68 74 55 91 
64 57 75 88 87 95 97 64 76 42 53 98 50 97 75 40 47 46 71 97 98 48 53 
65 48 73 51 73 93 67 56 50 99 77 75 95 49 95 66 94 46 67 67 72 55 96 61 98 52 42 
45 50 100 80 46 64 43 93 45 56 88 51 83 69 53 65 56 79 62 95 93 59 73 62 
67 81 81 50 50 84 76 46 100 66 100 53 48 51 43 68 49 58 93 63 76 76 87 96 86 62 78 82 
67 45 79 70 84 76 93 54 
42 85 59 70 98 52 99 82 85 90 53 73 55 81 72 46 40 60 42 92 72 83 
46 60 83 69 88 48 68 
65 90 60 94 89 71 73 40 92 69 68 100 84 84 96 
99 56 66 81 46 93 83 96 45 47 81 93 93 92 41 95 99 51 59 
47 97 56 51 43 53 82 
66 40 48 63 77 41 83 51 99 
59 94 97 61 85 65 40 84 87 74 
86 53 66 76 48 78 74 70 88 
92 51 42 81 81 45 84 78 84 
85 85 66 42 93 82 97 96 96 56 55 86 100 70 93 58 78 44 83 43 52 43 57 99 53 47 
40 56 90 93 93 74 75 52 47 72 59 76 55 54 50 65 59 76 92 50 55 85 
76 48 52 94 46 46 88 40 95 79 68 96 87 
65 49 67 57 74 65 43 81 68 55 99 
78 56 58 84 72 41 99 
50 99 56 40 97 81 96 70 
97 98 92 59 93 90 76 93 63 63 63 64 51 89 53 83 70 70 56 55 50 61 79 95 58 
69 75 41 49 94 99 65 61 48 58 43 93 44 40 77 76 81 86 81 41 63 48 69 73 96 62 65 83 53 
85 76 40 100 63 88 70 
98 48 57 75 86 98 91 70 98 99 88 90 52 42 88 90 48 51 47 95 97 90 91 
41 82 63 54 55 83 63 92 85 81 83 82 46 57 40 49 42 43 95 90 47 77 
48 96 45 89 86 59 94 95 55 45 66 52 70 51 80 40 88 70 63 58 
85 83 89 98 60 66 63 
73 78 85 89 98 62 47 98 89 48 51 61 84 82 48 94 82 
53 55 88 66 67 59 80 
40 73 54 59 52 49 64 93 59 82 93 74 
47 93 93 87 80 90 45 90 67 97 70 85 53 82 
75 62 42 44 90 68 93 73 66 44 51 62 82 55 51 100 65 
99 43 41 41 81 64 56 72 81 76 91 94 
81 99 41 76 48 79 93 52 83 49 89 
94 60 54 58 83 41 55 62 
72 97 96 63 59 61 51 80 
98 65 87 51 43 54 62 46 59 56 83 64 91 74 57 64 
57 89 92 53 85 45 52 
99 68 68 40 96 85 56 70 74 76 81 63 
58 91 77 50 56 59 49 89 58 40 56 53 66 82 51 58 74 70 88 58 97 78 73 83 56 41 49 96 
62 59 43 69 94 96 54 95 78 93 55 87 54 91 100 93 93 83 45 55 63 
86 66 69 80 57 61 90 88 63 69 93 56 69 48 62 54 71 89 
52 48 57 83 58 40 79 42 92 69 57 100 69 87 66 61 48 64 88 40 66 40 86 51 40 53 45 42 64 
74 75 79 46 89 71 96 64 70 60 
95 46 74 63 59 98 55 60 84 49 64 94 60 68 79 67 52 85 61 49 57 54 64 93 89 54 58 81 90 
59 96 52 49 54 47 88 90 43 50 80 59 80 65 95 51 73 40 96 96 98 68 69 70 50 
70 84 96 64 100 86 84 69 
65 61 95 42 86 82 100 58 68 53 56 98 71 46 65 91 53 96 
53 67 88 83 70 88 49 59 87 91 55 66 
71 100 85 79 95 53 64 62 50 53 47 
65 83 57 93 45 63 45 78 94 45 
87 73 91 52 97 61 76 88 84 60 80 46 98 75 95 81 47 49 45 61 
44 47 85 56 57 93 85 54 89 74 47 65 
66 85 69 100 85 81 59 50 
73 42 51 93 93 58 49 54 71 97 43 62 61 82 50 54 66 47 
58 43 67 97 87 62 87 60 99 57 80 92 40 81 67 67 88 45 43 50 51 59 74 52 88 88 80 69 
67 76 46 49 88 42 63 45 80 47 94 53 84 73 43 76 99 
81 69 57 99 55 84 95 62 84 43 81 40 82 56 67 51 70 46 
69 58 76 89 98 87 91 47 73 55 95 55 86 69 65 89 98 61 47 79 66 
40 63 95 44 83 68 49 90 79 55 64 73 48 44 40 82 87 67 57 83 83 92 67 79 65 88 53 91 74 
99 43 66 43 94 54 50 91 53 85 86 52 83 89 54 87 71 72 64 86 78 68 61 54 91 46 79 71 
100 42 43 43 61 93 65 58 56 89 76 81 56 76 
96 54 74 92 85 61 66 41 80 58 50 77 86 64 91 61 96 60 72 69 
